camera_matrix:
- [635.5593270742252, 0.0, 280.47731561010136]
- [0.0, 632.1943824142511, 254.9904413753583]
- [0.0, 0.0, 1.0]
dist_coeff:
- [-0.07093967489346012, 0.262986428074283, -0.007448220404613026, -0.004995765129923404,
  -0.5022039179818204]
